50
3
0.13 0.30 0.48
0.35 0.74 0.78
9
0.38 0.68 0.91 0.75 0.99 0.44 0.03 0.85 0.24
0.90 0.21 0.10 0.15 0.13 0.35 0.96 0.47 0.40
10
0.22 0.53 0.08 0.33 0.91 0.38 0.64 0.23 0.09 0.06
0.70 0.61 0.62 0.05 0.67 0.89 0.88 0.16 0.36 0.72
6
0.37 0.96 0.52 0.04 0.09 0.72
0.28 0.98 0.48 0.26 0.20 0.35
4
0.90 0.55 0.05 0.65
0.20 0.75 0.35 0.95
10
0.48 0.70 0.13 0.96 0.57 0.22 0.78 0.17 0.52 0.43
0.65 0.87 0.35 0.30 0.26 0.39 0.04 0.61 0.09 0.91
10
0.53 0.85 0.56 0.62 0.97 0.91 0.88 0.94 0.68 0.82
0.29 0.06 0.35 0.41 0.24 0.21 0.47 0.32 0.38 0.03
10
0.897 0.607 0.748 0.243 0.963 0.028 0.271 0.075 0.589 0.841
0.570 0.682 0.383 0.364 0.056 0.729 0.869 0.654 0.794 0.280
1
0.1
0.2
10
0.363 0.206 0.490 0.569 0.441 0.098 0.010 0.461 0.480 0.176
0.676 0.618 0.804 0.598 0.931 0.775 0.706 0.951 0.814 0.725
10
0.51 0.38 0.35 0.05 0.33 0.10 0.02 0.41 0.16 0.25
0.59 0.95 0.81 0.67 0.98 0.54 0.62 0.71 0.57 0.78
10
0.360 0.965 0.395 0.123 0.746 0.158 0.088 0.482 0.763 0.728
0.386 0.719 0.018 0.070 0.825 0.982 0.561 0.579 0.649 0.079
8
0.76 0.78 0.99 0.84 0.63 0.54 0.93 0.66
0.37 0.24 0.51 0.04 0.03 0.16 0.18 0.28
4
0.34 0.95 0.84 0.97
0.92 0.53 0.82 0.66
10
0.59 0.44 0.24 0.53 0.49 0.55 0.95 0.88 0.67 0.99
0.32 0.27 0.77 0.40 0.16 0.93 0.83 0.45 0.29 0.39
10
0.57 0.19 0.72 0.15 0.73 0.86 0.65 0.06 0.78 0.67
0.09 0.47 0.58 0.59 0.25 0.56 0.36 0.22 0.61 0.20
7
0.26 0.10 0.16 0.13 0.38 0.34 0.09
0.72 0.93 0.41 0.49 0.82 0.76 0.47
10
0.860 0.112 0.159 0.196 0.832 0.299 0.963 0.514 0.206 0.477
0.645 0.262 0.757 0.224 0.271 0.168 0.393 0.953 0.570 0.626
10
0.642 0.481 0.764 0.585 0.887 0.538 0.717 0.594 0.925 0.868
0.085 0.170 0.340 0.160 0.113 0.226 0.358 0.236 0.179 0.472
8
0.51 0.96 0.92 0.76 0.55 0.93 0.99 0.56
0.21 0.17 0.04 0.18 0.37 0.35 0.31 0.15
10
0.60 0.62 0.87 0.32 0.47 0.09 0.68 0.37 0.56 0.46
0.44 0.25 0.33 0.22 0.30 0.80 0.67 0.95 0.55 0.06
4
0.82 0.64 0.91 0.73
0.36 0.45 0.27 0.55
10
0.63 0.60 0.06 0.83 0.51 0.80 0.29 0.57 0.23 0.46
0.49 0.89 0.69 0.34 0.09 0.40 0.26 0.86 0.71 0.20
10
0.692 0.923 0.567 0.981 0.837 0.904 0.740 0.865 0.625 0.519
0.106 0.260 0.269 0.173 0.019 0.462 0.096 0.125 0.327 0.385
7
0.30 0.33 0.80 0.76 0.43 0.78 0.85
0.89 0.57 0.61 0.70 0.13 0.74 0.39
1
0.82
0.45
2
0.18 0.41
0.47 0.06
10
0.01 0.80 0.57 0.30 0.16 0.34 0.71 0.43 0.48 0.25
0.97 0.67 0.73 0.77 0.04 0.81 0.11 0.70 0.20 0.38
3
0.81 0.48 0.76
0.05 0.71 0.90
10
0.28 0.57 0.72 0.20 0.33 0.54 0.76 0.39 0.98 0.74
0.26 0.65 0.93 0.78 0.15 0.87 0.43 0.04 0.63 0.85
7
0.86 0.68 0.95 0.36 0.05 0.59 0.32
0.41 0.73 0.23 0.82 0.18 0.27 0.91
1
0.7
0.3
3
0.6 0.9 0.8
0.2 0.4 0.5
4
0.29 0.24 0.45 0.47
0.58 0.92 0.76 0.89
10
0.53 0.63 0.77 0.18 0.12 0.07 0.42 0.96 0.68 0.26
0.19 0.56 0.75 0.39 0.32 0.49 0.40 0.60 0.58 0.95
10
0.60 0.68 0.26 0.97 0.31 0.23 0.48 0.71 0.03 0.17
0.40 0.65 0.66 0.32 0.25 0.84 0.21 0.22 0.83 0.14
10
0.37 0.40 0.07 0.63 0.04 0.13 0.66 0.09 0.49 0.01
0.99 0.69 0.81 0.78 0.70 0.73 0.76 0.93 0.90 0.97
10
0.158 0.485 0.564 0.277 0.624 0.307 0.050 0.188 0.663 0.861
0.921 0.960 0.455 0.059 0.554 0.733 0.762 0.139 0.723 0.574
10
0.63 0.84 0.78 0.90 0.35 0.18 0.25 0.41 0.67 0.80
0.02 0.10 0.61 0.43 0.33 0.16 0.14 0.94 0.53 0.08
10
0.35 0.92 0.44 0.41 0.98 0.13 0.15 0.61 0.84 0.53
0.87 0.95 0.58 0.17 0.77 0.27 0.64 0.47 0.51 0.93
10
0.593 0.956 0.575 0.124 0.044 0.265 0.522 0.531 0.363 0.460
0.549 0.398 0.354 0.566 0.009 0.823 0.752 0.327 0.788 0.841
8
0.08 0.65 0.50 0.73 0.96 0.46 0.23 0.69
0.04 0.85 0.38 0.35 0.58 0.15 0.42 0.54
7
0.51 0.56 0.13 0.36 0.49 0.24 0.27
0.87 0.64 0.96 0.78 0.82 0.76 0.93
10
0.02 0.03 0.08 0.51 0.16 0.26 0.65 0.74 0.58 0.44
0.48 0.18 0.42 0.13 0.27 0.64 0.43 0.82 0.28 0.88
8
0.50 0.98 0.48 0.54 0.74 0.61 0.70 0.57
0.17 0.46 0.37 0.39 0.31 0.11 0.41 0.30
10
0.50 0.48 0.64 0.19 0.21 0.86 0.57 0.40 0.12 0.88
0.79 0.98 0.05 0.93 0.45 0.36 0.60 0.74 0.52 0.90
2
0.09 0.95
0.77 0.27
5
0.89 0.98 0.87 0.68 0.92
0.26 0.09 0.38 0.02 0.53
10
0.39 0.11 0.53 0.22 0.42 0.47 0.31 0.06 0.25 0.28
0.83 0.78 0.97 0.61 0.69 0.94 0.75 0.86 0.56 0.89
5
0.14 0.07 0.04 0.64 0.32
0.75 0.86 0.68 0.79 0.71
