60
87
0 1 0
0 2 0
1 2 -1
2 3 0
2 4 0
3 4 -1
4 5 0
4 6 0
5 6 -1
6 8 0
6 7 0
7 8 -1
8 9 0
8 10 0
9 10 -1
10 11 0
10 12 0
11 12 -1
12 13 0
12 14 0
13 14 -1
14 16 0
14 15 0
15 16 -1
16 17 0
16 18 0
17 18 -1
18 19 0
18 20 0
19 20 -1
20 21 0
20 22 0
21 22 -1
22 24 0
22 23 0
23 24 -1
24 25 0
24 26 0
25 26 -1
26 27 0
26 28 0
27 28 -1
28 29 0
28 30 0
29 30 -1
30 32 0
30 31 0
31 32 -1
32 33 0
32 34 0
33 34 -1
34 35 0
34 36 0
35 36 -1
36 37 0
36 38 0
37 38 -1
38 40 0
38 39 0
39 40 -1
40 41 0
40 42 0
41 42 -1
42 43 0
42 44 0
43 44 -1
44 45 0
44 46 0
45 46 -1
46 48 0
46 47 0
47 48 -1
48 49 0
48 50 0
49 50 -1
50 51 0
50 52 0
51 52 -1
52 53 0
52 54 0
53 54 -1
54 56 0
54 55 0
55 56 -1
56 57 0
56 58 0
57 58 -1
