1 1 1 1 1 3 3 3 3
2 2 2 2 2 4 4 4 4

1 1 4 4 7
2 2 5 5 7
3 3 6 6 8

1

1 1 1 1 1 5 5 5 5 5 9
2 2 2 2 2 6 6 6 6 6 9
3 3 3 3 3 7 7 7 7 7 9
4 4 4 4 4 8 8 8 8 8 9

1
2

1 2

1 2 3
1 2 3
1 2 3
1 2 3
4 5 6
4 5 6
4 5 6
4 5 6
7 7 7
8 8 8
9 9 9

1 2
1 2
1 2
3 4
3 4
3 4
5 5

1 1
2 2

1 1 1
2 2 2

1 1 1 1 2 2 2

1
1
2
2

1 2
1 2
3 3
4 4

1 1 1 5 6
2 2 2 5 6
3 3 3 5 6
4 4 4 7 7

1 1 1 1 1 1 1 1 1
2 2 2 2 2 2 2 2 2
3 3 3 3 3 3 3 3 3

1 1 1 1 7 8
2 2 2 2 7 8
3 3 3 3 7 8
4 4 4 4 7 8
5 5 5 5 9 9
6 6 6 6 10 10

1 1 1 1 1 1 1 6 6 6 6 6 6 6 11 11 11 11 11 11
2 2 2 2 2 2 2 7 7 7 7 7 7 7 12 12 12 12 12 12
3 3 3 3 3 3 3 8 8 8 8 8 8 8 13 13 13 13 13 13
4 4 4 4 4 4 4 9 9 9 9 9 9 9 14 14 14 14 14 14
5 5 5 5 5 5 5 10 10 10 10 10 10 10 15 15 15 15 15 15

1 2 3
1 2 3
1 2 3
1 2 3
1 2 3
4 5 6
4 5 6
4 5 6
4 5 6
4 5 6
7 7 7

1 1 1 1 1 8 8 8 8 8 15 16
2 2 2 2 2 9 9 9 9 9 15 16
3 3 3 3 3 10 10 10 10 10 15 16
4 4 4 4 4 11 11 11 11 11 15 16
5 5 5 5 5 12 12 12 12 12 15 16
6 6 6 6 6 13 13 13 13 13 17 17
7 7 7 7 7 14 14 14 14 14 18 18

1 1 1 1 7 7 7 7 13 14
2 2 2 2 8 8 8 8 13 14
3 3 3 3 9 9 9 9 13 14
4 4 4 4 10 10 10 10 13 14
5 5 5 5 11 11 11 11 15 15
6 6 6 6 12 12 12 12 16 16

1 1 1 1 1 8 9
2 2 2 2 2 8 9
3 3 3 3 3 8 9
4 4 4 4 4 8 9
5 5 5 5 5 8 9
6 6 6 6 6 10 10
7 7 7 7 7 11 11

1 1 1 1 3 3 3 3 5 5 5 5 7
2 2 2 2 4 4 4 4 6 6 6 6 7

1 1 1 1 1 1 9 10
2 2 2 2 2 2 9 10
3 3 3 3 3 3 9 10
4 4 4 4 4 4 9 10
5 5 5 5 5 5 9 10
6 6 6 6 6 6 9 10
7 7 7 7 7 7 11 11
8 8 8 8 8 8 12 12

1 1 1 1 1 1 10 11 12 13
2 2 2 2 2 2 10 11 12 13
3 3 3 3 3 3 10 11 12 13
4 4 4 4 4 4 10 11 12 13
5 5 5 5 5 5 10 11 12 13
6 6 6 6 6 6 10 11 12 13
7 7 7 7 7 7 14 14 14 14
8 8 8 8 8 8 15 15 15 15
9 9 9 9 9 9 16 16 16 16

1 2 3 4 5 6 7 8 9
1 2 3 4 5 6 7 8 9
1 2 3 4 5 6 7 8 9
1 2 3 4 5 6 7 8 9
1 2 3 4 5 6 7 8 9
1 2 3 4 5 6 7 8 9
1 2 3 4 5 6 7 8 9
10 10 10 10 10 10 10 13 14
11 11 11 11 11 11 11 13 14
12 12 12 12 12 12 12 13 14

1 2 3 4 5 6
1 2 3 4 5 6
1 2 3 4 5 6
1 2 3 4 5 6
1 2 3 4 5 6
7 8 9 10 11 12
7 8 9 10 11 12
7 8 9 10 11 12
7 8 9 10 11 12
7 8 9 10 11 12
13 13 13 13 13 15
14 14 14 14 14 15

1 1 1 1 1 1 11 12 13 14
2 2 2 2 2 2 11 12 13 14
3 3 3 3 3 3 11 12 13 14
4 4 4 4 4 4 11 12 13 14
5 5 5 5 5 5 11 12 13 14
6 6 6 6 6 6 11 12 13 14
7 7 7 7 7 7 15 15 15 15
8 8 8 8 8 8 16 16 16 16
9 9 9 9 9 9 17 17 17 17
10 10 10 10 10 10 18 18 18 18

1 2 3 4 5 6 7 8 9 10 11
1 2 3 4 5 6 7 8 9 10 11
1 2 3 4 5 6 7 8 9 10 11
1 2 3 4 5 6 7 8 9 10 11
1 2 3 4 5 6 7 8 9 10 11
1 2 3 4 5 6 7 8 9 10 11
1 2 3 4 5 6 7 8 9 10 11
12 12 12 12 12 12 12 17 18 19 20
13 13 13 13 13 13 13 17 18 19 20
14 14 14 14 14 14 14 17 18 19 20
15 15 15 15 15 15 15 17 18 19 20
16 16 16 16 16 16 16 17 18 19 20

1 2 3
1 2 3
1 2 3
1 2 3
1 2 3
4 5 6
4 5 6
4 5 6
4 5 6
4 5 6
7 7 7

1 1 1 1 1 1 1 1 1 1 1 6 6 6 6 6
2 2 2 2 2 2 2 2 2 2 2 7 7 7 7 7
3 3 3 3 3 3 3 3 3 3 3 8 8 8 8 8
4 4 4 4 4 4 4 4 4 4 4 9 9 9 9 9
5 5 5 5 5 5 5 5 5 5 5 10 10 10 10 10

