100
2 5.0000 99.9000
30.0000 99.8999
20.0000 99.7000
2 0.0006 10.0561
99.9998 10.0430
99.9995 54.6325
2 0.0010 5.2695
99.9998 5.2695
99.9997 38.6984
2 99.9996 15.3198
68.5442 15.3004
99.9996 73.6000
2 99.9995 1.0985
99.9998 1.0973
99.9998 44.9076
2 99.9999 40.6167
15.0422 28.2638
99.9999 40.8007
2 0.0001 0.1001
0.0001 0.1003
0.0001 0.1000
2 99.9993 54.5630
80.8223 54.5640
99.9999 80.4810
2 100.0000 88.3983
0.0001 88.3983
99.9999 88.3984
2 0.0001 17.7094
51.3660 5.8240
70.1599 29.5947
2 99.9997 58.9965
0.0005 6.3171
99.9995 58.9965
2 0.0002 50.7985
99.9991 28.3516
99.9994 73.2453
2 0.0004 30.5689
99.9992 76.0829
0.0005 30.5262
2 99.9997 61.8079
99.9994 71.4983
0.0011 52.1175
2 99.9994 88.8201
0.0007 86.7508
0.0007 89.1005
2 100.0000 65.1586
99.9999 65.1586
0.0001 65.1587
2 99.9998 24.4726
99.9995 4.6206
99.9991 24.5224
2 0.0003 53.5816
55.1470 53.5816
0.0001 77.6514
2 0.0007 44.5320
0.0002 79.7806
44.6544 9.2833
2 97.8514 91.9827
0.0006 98.5411
100.0000 91.9827
2 0.0002 6.9028
0.0005 8.5983
0.0007 6.8953
2 0.0001 60.8636
36.8065 83.2724
62.2746 38.4547
2 99.9990 83.0932
0.0002 83.7629
0.0001 7.2947
2 30.0000 65.4321
0.0001 50.0000
100.0000 99.9000
2 0.0004 91.9374
0.0006 60.5834
99.9992 91.9374
2 99.9996 12.6003
99.9990 12.6003
99.9990 77.6464
2 99.9998 33.3918
99.9993 33.3918
0.0009 30.0140
1 91.2833 99.9000
53.8395 99.9000
2 99.9995 4.9875
0.0005 31.3593
0.0007 4.9875
1 61.0294 99.9000
88.1988 1.8629
2 99.9995 62.7556
0.0001 86.4006
0.0004 62.6638
2 45.2058 16.3988
0.0001 16.3988
0.0002 16.3988
2 0.0010 45.7365
99.9998 45.6847
0.0003 99.0711
2 0.0008 32.0842
99.9995 68.3605
99.9998 32.0389
2 99.9998 96.9229
0.0006 88.4355
0.0010 96.9229
2 99.9993 49.9278
0.0011 36.3541
0.0008 63.5015
2 0.0011 93.5423
0.0009 14.9515
99.9998 94.4161
2 99.9991 11.7505
70.9630 5.6494
99.9997 11.8510
2 0.0004 38.0431
99.9995 12.6036
99.9994 38.0431
2 0.0002 60.8563
0.0008 55.7725
0.0010 65.9401
2 0.0007 45.7131
99.9999 45.7131
0.0002 69.0750
2 99.9997 70.7786
99.9992 88.6629
99.9996 52.8944
2 99.9992 83.1053
99.9991 83.1053
99.9993 98.1036
2 0.0010 48.4209
99.9993 48.3577
67.3294 63.4884
2 0.0001 0.1000
0.0001 0.1001
0.0001 0.1002
2 93.8252 49.3888
81.5093 8.2424
78.3140 92.2140
2 100.0000 3.2045
99.9994 4.4062
63.7334 3.2045
2 0.0010 10.4864
0.0009 10.4864
0.0008 56.4808
2 99.9996 40.6397
99.9997 44.4749
0.0010 36.8044
2 99.9992 21.9615
0.0007 76.1756
0.0011 21.9615
2 99.4771 1.5711
91.8691 28.8730
82.0444 28.8730
2 99.9992 65.1387
99.9997 65.3499
0.0008 45.6543
2 0.0011 55.5933
0.0009 55.5933
11.7368 8.5376
2 100.0000 75.6127
70.0263 75.6127
27.0364 27.7990
2 0.0009 94.5953
0.0008 95.2357
99.9991 64.1043
2 100.0000 53.2474
6.9448 70.4911
73.0486 36.0037
2 0.0004 29.9261
99.9997 47.7900
0.0006 12.0622
2 99.9994 14.0276
0.0008 68.2378
99.9992 14.0276
2 99.9997 17.7969
0.0011 17.7739
99.9998 56.5226
1 10.0000 50.0000
0.2000 50.0000
2 100.0000 88.3984
99.9999 88.3984
0.0001 88.3983
2 0.0011 99.0464
99.9998 99.1899
99.9993 6.9347
2 100.0000 65.1587
99.9999 65.1586
0.0001 65.1587
2 83.9078 0.1000
91.5153 91.5917
38.7848 93.3248
2 99.9993 34.2774
0.0003 5.9681
0.0009 34.4068
2 3.4750 96.4904
24.0096 96.4899
26.5086 18.1987
2 0.0003 72.8111
0.0006 1.1193
0.0008 72.8111
2 99.9998 44.9488
0.0006 1.6677
99.9997 44.9488
2 57.6699 27.5813
75.0071 27.5823
61.1426 28.4924
1 99.4720 68.0429
99.4901 68.0420
2 0.0009 57.3794
0.0005 56.2030
7.0595 57.6795
1 94.5466 78.1127
41.6098 43.7439
2 0.0003 43.3306
99.9992 49.9060
99.9991 43.3306
2 99.9994 76.7706
0.0002 94.9339
0.0003 76.6753
2 99.9992 35.7300
99.9999 35.7293
0.0002 30.3459
2 99.9996 88.4513
0.0006 88.4513
0.0007 39.8857
2 59.1081 96.8236
85.9566 98.5488
45.9915 93.5993
2 99.9995 28.7422
80.3785 0.1692
99.9999 28.7422
2 0.0004 75.4106
0.0001 75.7243
0.0009 50.8827
2 0.0010 16.8343
99.9994 16.8343
0.0003 37.6837
1 22.6682 70.0207
71.4246 70.0207
2 33.8885 35.7770
0.0002 35.7770
0.0001 35.7770
2 99.9996 99.0996
99.9997 99.0996
100.0000 60.7717
2 0.0008 3.9580
99.9998 3.9580
99.9999 64.8964
2 0.0007 51.6167
99.9995 51.6167
66.8746 76.6435
1 79.5223 72.5687
80.2223 0.1259
2 40.3074 84.3159
49.2482 24.0412
15.0436 84.3248
2 99.9994 71.2785
0.0006 74.8072
99.9997 71.2785
2 38.5261 91.4167
100.0000 91.4167
99.9999 91.4167
2 75.4032 55.9104
41.6503 55.9104
16.0390 55.9104
2 0.0001 77.2831
0.0001 97.3911
0.0001 57.1751
2 99.9992 40.4134
99.9998 40.3539
99.9994 45.5158
2 0.0009 85.2353
99.9999 98.1234
99.9997 72.3472
2 100.0000 37.5706
80.2352 62.9545
66.0313 12.1866
2 0.0005 50.5359
0.0003 13.2947
99.9999 50.5359
2 99.4808 76.9326
99.9999 76.9326
100.0000 76.9326
1 81.8512 0.1000
70.5477 0.1000
2 0.0004 26.3729
99.9995 36.4297
99.9991 16.3162
2 0.0005 82.8696
0.0009 82.8696
0.0007 95.8749
2 99.9995 12.5962
100.0000 12.5962
0.0011 6.0219
