100
2 1
100 20
200 10
2 2
100 20
200 10
3 2
100 10
100 10
100 10
4 2
9 3
7 1
10 1
8 4
6 4
55944 208403
36408 320229
22126 526932
163836 71162
228956 50922
727272 16031
4 2
186293 129314
698067 34510
26661 903578
99051 243211
10 5
292114 61719
465287 620301
226008 8270
525816 826573
845321 117041
330123 568663
899989 741397
944142 702944
120689 132587
456730 975343
4 1
169992 436730
259239 286379
85428 869043
441139 168293
4 3
490854 16236
37884 210366
9009 884616
995193 8008
6 4
50232 119187
82593 72488
28782 208012
45448 131733
65688 91143
302328 19803
8 3
3009 313631
15936 13
3115 343952
3197 339328
12752 25
3002 339165
3426 324920
3667 392893
8 3
169689 242428
502570 81854
192175 214062
235828 174438
98265 418637
63122 651712
794971 51747
50090 821269
10 2
989050 94544
861301 144716
584034 944538
156535 948998
332904 826240
922521 523576
919337 347661
268375 658580
842994 73250
547126 484386
8 2
26907 2362
29747 2843
22762 2575
28505 2660
202393 80
22789 2741
29801 2980
290508 26
4 3
12230 75
3914 359113
3164 335693
3367 350016
7 3
24614 2616
24893 2685
264266 18
21739 2262
21512 2846
213583 73
20668 2698
8 4
24746 2934
23565 2918
28236 2359
23008 2302
25174 2126
24775 2305
294167 90
299183 46
2 1
3384 331274
12909 34
4 1
150511 601559
249729 362558
770413 117523
92436 979502
5 3
11767 84
3015 394128
3014 370955
3513 370923
15623 39
6 1
10477 74
3904 386857
3030 376067
3249 317636
14745 44
3438 384884
10 4
26867 249351
366498 671259
602748 735013
988402 77865
84654 131221
495439 627821
553062 507882
728060 861925
794984 370602
466809 970315
5 1
819771 884223
702585 618301
660666 315409
88168 274131
958286 637619
2 2
119196 221154
55986 470844
8 5
975384 31857
568974 54612
53751 578088
95571 325128
282162 110124
105524 294462
976948 31806
163836 189658
6 3
29686 2982
27073 2360
285980 31
28265 2616
28474 2084
237636 69
2 1
503136 165419
343836 242058
5 3
60291 95608
669256 8613
118104 48807
41514 138852
424908 13566
7 3
508139 189745
106467 905603
317121 304038
392484 245658
963388 100081
194603 495454
186672 516504
8 4
27845 2944
291093 31
24133 2616
21458 2819
21651 2251
206379 78
26017 2243
28477 2964
6 4
40404 663462
137268 195286
132184 202797
135198 198276
95571 280488
57942 462644
3 1
919800 841877
184627 896928
496108 320991
9 5
878537 190657
602382 121669
445871 801479
830669 74619
314219 164507
983529 246497
623108 936946
954935 688153
584491 764029
9 2
3894 323489
3502 397657
19706 73
3890 371740
3845 390443
15073 35
3806 304350
3684 318939
3193 378667
5 3
890629 410198
757851 433169
897279 697387
758144 679499
693829 711428
2 1
210284 118067
256762 96695
5 1
13041 384622
998400 521797
673440 75479
844180 640837
849112 582775
2 2
282162 205884
294462 197284
4 3
17329 2
3803 307468
3158 370453
3063 304483
7 3
96873 335180
58535 554709
417544 77764
46637 696226
49467 656395
178005 182410
68524 473847
4 3
3544 380025
3293 301892
18643 2
3374 350067
5 1
3979 327923
13884 84
3595 356612
3742 380339
11398 20
3 1
144601 276868
321510 124523
357226 112073
8 2
3212 327033
10530 98
3602 368903
3396 324498
3973 378248
3537 395582
3151 352749
11471 92
10 4
645581 548937
652734 329863
17563 31514
797077 259256
679958 443099
704524 537037
393057 429772
228040 499470
124247 73360
116637 576635
6 1
26507 2956
21555 2049
291908 81
20801 2801
22916 2912
285314 30
9 2
3211 376088
3627 361518
3959 379446
3450 317158
3458 316429
10826 71
15737 8
3626 302399
3630 391104
1 1
1 1
4 1
29451 2918
21777 2671
25032 2991
261852 60
4 3
747813 11592
10836 799986
65016 133331
28152 307923
9 5
15939 518568
18414 448868
12121 681912
9108 907494
361284 22878
10626 777852
16031 515592
19251 429352
41492 199206
4 3
3789 333691
3658 396942
3159 335913
14983 16
2 2
89096 267003
307923 77256
10 5
24202 2594
29887 2697
27342 2163
23576 2198
234417 79
259992 63
26861 2132
27912 2240
212004 28
24433 2380
10 5
22253 2828
250975 27
245105 63
211368 97
21774 2337
25057 2970
23477 2125
28921 2280
28454 2650
21639 2199
6 4
14364 416806
26676 224434
11628 514878
26486 226044
567112 10557
15912 376257
9 5
26611 2370
267065 61
21440 2471
20910 2453
27377 2579
21175 2375
236889 19
22784 2467
20172 2171
10 6
447581 924662
959955 972898
623497 202717
60294 860898
389995 542130
652749 525708
379845 491789
759438 371133
202731 244520
96754 940785
9 2
425107 980836
936731 304162
203415 784739
527844 315975
294237 23272
445104 209387
795229 44379
326846 982526
719438 721000
8 2
3496 354880
3562 304899
19656 54
3529 304596
3419 308661
3429 315193
11107 19
3647 374637
6 4
38125 290295
138915 79671
15086 733627
839974 13176
774005 14299
246344 44927
8 2
222686 60
27309 2354
22406 2670
25066 2811
274600 28
25059 2598
25363 2190
26876 2763
8 5
24633 550056
37128 364941
68757 197064
334152 40549
126936 106743
16254 833612
65688 206271
183352 73899
2 1
688780 263001
43845 60174
8 6
826495 45456
100597 373462
941937 39885
44873 837233
241309 155689
168027 223590
135845 276559
583372 64400
3 1
617553 385395
671297 69515
473585 200330
6 1
607330 587340
687304 77476
678389 768239
907120 793564
878696 439557
285534 58904
10 3
3840 305821
14573 58
16517 41
3605 325384
3462 331484
3265 370717
3656 323268
3778 307918
17307 38
3451 324218
4 3
210455 13
29157 2743
28589 2290
23553 2270
5 2
212443 76
22164 2588
220391 8
25273 2846
21716 2635
8 5
3486 396745
15057 26
3583 366266
3936 343909
3203 318193
3401 365586
3278 302827
18785 5
10 10
1000000 1000000
1000000 1000000
1000000 1000000
1000000 1000000
1000000 1000000
1000000 1000000
1000000 1000000
1000000 1000000
1000000 1000000
1000000 1000000
7 4
688344 72261
666333 74648
503874 98716
405594 122636
830502 59892
148074 335916
287928 172753
8 5
3216 360232
3259 328348
3826 398419
3280 334723
18353 74
3417 375524
15557 4
3466 349255
8 5
21926 2627
209201 13
21429 2957
28475 2070
251191 71
21133 2449
22451 2537
29869 2605
2 1
32809 769742
90341 279546
9 5
155823 413358
566437 113712
69381 928362
828135 77778
162356 396725
98599 653259
101520 634463
683475 94240
68893 934938
5 3
290199 112581
434754 75148
995093 32832
192859 169403
167525 195021
2 1
3241 338016
15687 27
3 2
509903 147092
911758 964537
455489 377444
6 4
28305 2467
23183 2117
22324 2736
249905 67
22650 2152
203186 88
6 3
128376 364823
599643 78104
72448 646457
562543 83255
604215 77513
288200 162507
9 3
3788 340659
12432 84
3800 334924
11990 63
3638 313920
3022 300848
3770 325465
3175 397724
3420 306958
4 2
290868 23
27594 2594
21041 2187
26235 2474
2 2
37674 72732
318136 8613
8 6
22785 2251
28827 2305
29166 2531
23130 2842
27572 2150
240633 41
240394 22
27395 2106
3 1
964870 823085
401820 380360
472971 374274
9 5
45838 241164
11739 941688
65016 170027
888552 12441
29799 370968
681912 16211
209496 52767
86086 128412
482328 22919
8 5
193732 71982
45288 307923
34782 400932
515592 27047
18662 747252
400932 34782
307923 45288
420024 33201
6 3
27775 2183
210363 28
21675 2761
253764 22
29108 2646
20130 2242
9 5
31806 448868
127224 112217
89838 158916
28044 509082
16492 865674
203688 70091
25461 560728
48298 295596
25092 568974
5 1
34455 461059
282414 56250
751812 21130
28511 557181
17709 897046
9 5
137709 165718
473199 179333
926339 982070
185915 31238
382377 848149
324127 77761
938483 963399
300585 598526
735660 665655
9 5
82212 84042
27144 254541
327236 21114
19227 359352
152334 45356
315549 21896
72726 95004
50778 136068
13923 496248
9 4
266780 744905
563047 77469
760144 922838
798818 742181
348216 248775
112581 472593
350263 344295
572979 161238
884439 819470
8 4
446820 708543
412449 394681
247365 957271
398079 117155
855041 386565
209178 422402
488752 770708
655731 271507
7 4
940605 80761
735090 103340
97499 779128
509502 149095
257463 295049
806808 94154
315144 241046
2 1
694562 141135
558568 175497
5 2
41466 628921
49572 526080
217701 119792
67383 387024
52065 500890
10 7
3738 336912
11838 68
13321 35
3745 355839
3413 333609
3162 390625
3305 318055
3055 392213
3155 327185
18202 68
