100
2 1
100 20
200 10
2 2
100 20
200 10
3 2
100 10
100 10
100 10
4 2
9 3
7 1
10 1
8 4
2 1
987035 4084
758936 391174
7 4
163114 478769
321851 242640
96657 807949
79059 987793
212089 368213
308607 253053
792526 98538
10 6
540792 22287
20424 590121
226366 53244
590121 20424
151848 79373
122094 98716
911421 13224
113183 106488
152076 79254
21896 550449
4 3
198588 691375
135777 979829
673118 545047
848379 236441
6 4
92378 30996
52972 54054
35112 81549
293436 9758
14364 199342
65436 43758
7 2
11415 40
11290 25
3560 352726
3060 361848
3446 389731
3754 353503
3657 308199
10 4
122703 323474
553844 71665
188539 210520
755491 52537
84521 469602
227164 174725
265582 149450
142339 278850
101958 389290
248376 159803
8 5
3452 316397
3117 383344
13773 24
3250 361020
3528 331960
10419 11
3453 335426
3655 354352
9 5
49323 889747
488893 89764
149257 294023
289668 151501
254223 172624
919404 47732
110919 395649
178469 245897
690765 63531
4 1
22316 2785
260251 83
22107 2715
22425 2062
8 6
27644 2977
210076 23
22696 2780
21554 2569
26894 2223
29746 2846
21887 2176
205363 72
10 4
135135 607685
319439 362381
49677 933166
392194 283717
865261 758482
188753 770899
515097 578186
191664 555285
377137 744948
282540 887902
8 5
118588 780799
365381 253416
105763 875480
121848 759909
541178 171096
291938 317168
194947 474967
492128 188149
4 1
3408 320339
3275 399345
3610 354084
11871 89
4 3
25238 2465
26170 2842
29821 2224
279541 15
9 3
951375 8049
548575 24284
397883 303089
767989 526092
192744 324284
49508 833952
620375 228678
235075 49125
643898 898754
6 4
14138 97
18769 7
3484 398419
3108 390662
3556 357777
3727 373247
7 3
121664 408206
690831 260741
52537 619053
643821 536086
816561 609810
131932 57477
90393 95060
7 5
3582 307498
3662 356187
3315 305361
15316 27
17622 23
3618 396839
3687 315137
2 1
219856 396532
182252 131395
3 1
22966 2900
271168 82
25508 2144
3 2
23558 2084
26456 2685
200558 99
2 2
39474 216524
16082 531468
2 1
3202 357871
14530 80
6 1
179541 540870
923645 105136
594695 163291
113598 854842
162069 599179
806474 120411
9 5
61992 889111
213624 258013
401534 137268
294872 186921
356454 154628
122636 449442
888552 62031
83076 663462
663462 83076
4 1
840742 742636
719336 661383
255430 480390
819940 759899
3 2
178227 165464
527137 55944
147108 200466
9 5
38376 264957
236652 42966
44733 227304
700854 14508
25974 391468
106392 95571
462644 21978
20202 503316
454212 22386
6 2
28213 2017
282361 20
25817 2492
27335 2403
264405 13
23002 2006
7 4
43848 141427
11739 528264
154077 40248
26796 231426
359996 17226
783783 7912
6786 913836
6 3
20217 2896
204173 20
260191 14
25629 2742
20767 2277
25150 2790
6 4
40194 173604
330484 21114
168498 41412
127512 54723
14007 498168
53613 130152
10 3
289341 163580
421693 112239
112408 421059
49323 959601
628825 75268
82098 576511
310461 152452
176548 268088
736637 64252
127312 371767
9 4
3777 311667
3391 383833
3195 327767
3251 350499
3488 300579
3678 357301
16707 12
3891 335308
16125 87
4 3
7293 277704
26676 75922
146421 13832
3654 554268
9 5
51471 592296
126063 241832
91908 331702
122322 249228
47386 643356
798399 38184
452732 67338
138852 219558
450984 67599
7 4
455886 25116
531867 21528
137256 83421
11799 970424
24472 467883
167958 68172
206739 55384
6 3
172653 144293
944066 540767
386252 422457
545432 405245
549726 893822
366861 563446
7 2
28981 2784
29565 2722
244890 64
20331 2029
257453 97
21171 2881
23176 2080
3 1
137345 541121
85194 872365
501165 148295
2 2
9269 615384
342953 16632
9 4
22287 2353
28191 2315
29353 2644
257740 34
270542 29
22624 2041
22006 2281
27536 2066
25477 2804
6 4
262641 94
270182 15
21359 2942
23347 2298
25317 2436
22912 2486
9 5
967746 2810
375360 240702
31831 485959
973369 606567
585561 191075
585562 839203
681819 670819
506769 863287
473949 137769
8 4
141908 130492
242225 76449
290499 63745
107358 172487
61890 299206
25297 732018
26575 696815
42574 434957
2 1
64513 744575
68502 701217
8 5
619803 61961
723300 53095
964721 39808
562946 68219
226375 169646
720464 53304
388076 98959
112998 339861
3 1
741342 651217
225684 821218
826079 874518
2 1
26183 2608
277321 88
5 3
3409 318742
3899 302520
11494 39
17441 56
3678 366271
9 5
917898 906298
869577 957487
662258 104299
120896 60455
263007 469190
229653 669776
44996 134817
279292 955756
974641 993060
10 7
299846 22
28992 2592
25637 2104
200501 62
27420 2965
210470 86
28049 2888
23767 2222
26868 2839
29920 2420
1 1
1 1
10 6
151848 102641
39368 395901
87172 178794
61938 251636
114552 136059
937099 16632
42408 367521
111321 140008
887778 17556
315018 49476
9 4
759830 978759
327015 126234
212112 676326
947866 418259
770801 616340
842597 206054
10519 517471
36437 426272
505257 103370
10 4
128605 302971
157709 247060
50054 778431
813453 47899
192059 202873
128738 302658
357510 108986
106967 364258
591792 65840
63291 615626
10 3
3370 397839
3052 311965
3182 310487
15621 2
3730 307790
3113 316257
19281 29
3882 395567
17233 100
3869 357589
3 2
22033 2063
21513 2968
255981 46
7 2
3509 307456
18173 69
3739 354814
3713 332811
3556 329726
3584 354383
12968 58
5 2
3053 336328
14424 52
12035 9
3099 369582
3559 332533
6 2
942717 431986
663983 345379
84614 423903
696736 374750
237950 442472
886125 621813
10 4
114112 48403
921184 473364
719848 592038
539767 182988
861103 464975
9406 996628
886083 57191
937167 418725
69591 547935
70339 904596
4 1
487583 80394
145187 269988
40235 974245
120291 325866
8 5
117572 95202
28044 399126
825084 13566
171054 65436
351288 31863
594776 18819
140868 79458
803928 13923
3 2
199578 81396
39672 409479
31059 523032
3 2
601398 116932
204631 343656
81098 867132
8 2
3318 308558
3208 383940
15223 64
19750 97
3554 318573
3999 395297
3868 313892
3749 369979
2 1
35765 896286
720255 44506
9 6
154085 541081
142194 586329
686781 121396
172537 483215
252552 330120
185411 449663
529181 157550
595271 140058
743037 112205
7 2
3151 368281
16785 63
3753 342681
3820 332571
3304 357234
3534 373371
13879 3
9 5
742398 12113
555380 697592
986113 156067
880024 7402
834817 179156
37998 479450
133128 173708
704633 344640
963811 329833
5 1
3356 331830
19383 49
16671 80
3124 396813
3603 318193
9 5
150696 54723
457912 18009
42021 196248
13311 619528
32292 255374
343434 24012
24012 343434
11322 728364
23751 347208
3 1
217973 94
24239 2445
29086 2660
9 3
22989 2044
258558 14
274949 47
27399 2628
28335 2387
25044 2792
20813 2454
25388 2377
27926 2204
7 5
90212 687441
488814 133586
422981 267195
974057 166687
835624 397981
507206 239270
934464 392993
4 3
643188 5742
8151 453096
127281 29016
10179 362824
8 5
19349 45
3896 394175
3673 329079
3463 372617
11298 66
3961 342570
3546 363546
3131 378222
4 3
40664 132867
401166 13468
45954 117572
390609 13832
10 3
241994 634431
579462 605570
892262 708259
715103 137402
737252 217937
241304 862352
834999 607128
140161 468583
644856 11383
351652 717479
2 1
22462 2575
211722 98
4 3
3513 361593
10175 5
3156 353026
3209 365850
9 3
29367 2940
26081 2933
22914 2156
28349 2608
28696 2991
223250 65
25977 2275
277885 84
21658 2800
9 3
167276 303423
726478 69865
547104 92771
103410 490817
571969 88738
879963 57679
62331 814288
277043 183204
69122 734287
10 10
1000000 1000000
1000000 1000000
1000000 1000000
1000000 1000000
1000000 1000000
1000000 1000000
1000000 1000000
1000000 1000000
1000000 1000000
1000000 1000000
7 1
3209 342807
3444 354114
12684 19
3486 364104
13596 96
3984 368272
3842 320828
5 2
12877 33
13049 73
3173 366274
3892 373506
3336 343786
7 4
35281 863068
51484 591444
174915 174084
57846 526396
33569 907084
705169 43181
616083 49425
10 7
996271 958869
92441 293857
222464 323425
39239 114931
726749 417669
567359 360521
989436 180191
912901 709755
675445 608480
662842 393312
3 2
106704 306288
49265 663395
394774 82787
7 3
21092 2563
272374 89
221404 4
28984 2302
28157 2231
24854 2681
21262 2632
5 3
3381 323682
3756 377718
12174 60
3828 310178
17683 44
7 3
194717 864800
822500 599619
690453 752391
315600 208856
397131 862873
831558 428105
21172 916370
2 1
959300 27365
753199 34853
9 3
300558 328931
278956 354403
237030 417090
579545 170587
768177 128698
210614 469403
540060 183059
741073 133405
115100 858930
