100
2 1
100 20
200 10
2 2
100 20
200 10
3 2
100 10
100 10
100 10
4 2
9 3
7 1
10 1
8 4
6 4
475709 28728
219336 62307
55944 244283
255892 53406
539994 25308
225492 60606
5 1
20399 2648
25458 2338
273020 4
294362 67
29206 2129
4 1
259982 302614
596835 131819
164558 478094
342501 229705
2 1
3788 354202
16441 44
10 3
400155 490664
416771 935341
547085 624269
929391 56475
411188 14725
412996 63752
813745 757722
670631 833432
858945 18218
252511 997520
6 3
547772 116201
398680 159656
114305 556858
185745 342683
119402 533087
93466 681014
3 2
13469 86
3242 344237
3161 327458
4 2
99446 739081
538219 136559
93618 785091
156194 470560
7 4
3484 375361
10641 64
3795 338543
16843 21
3667 355784
3282 390751
3424 318084
7 5
3456 341884
11174 76
3090 361628
17112 29
3463 337525
3863 346290
3985 325659
7 5
21337 2956
266743 50
20941 2674
26373 2765
21337 2373
224305 82
24777 2248
3 2
20664 442221
28152 324597
57564 158746
4 3
25327 681912
25916 666414
45752 377487
23994 719796
4 3
67063 21408
690507 308389
246904 136243
381659 977507
8 5
235498 191069
291601 154308
103166 436155
233569 192647
306638 146741
139454 322661
168195 267525
479363 93867
7 5
286596 75
25286 2626
229099 95
28064 2486
29096 2490
29709 2974
29581 2990
10 6
803928 42021
628488 53751
380808 88711
126936 266133
92568 364941
52374 645012
803068 42066
684342 49364
222138 152076
133988 252126
8 3
29472 2107
23545 2865
21857 2684
216655 98
20852 2555
28797 2104
22963 2371
241701 89
9 3
936985 40244
113737 331537
596561 63209
82895 454889
849452 44391
427548 88196
234421 160856
127554 295624
170776 220804
7 4
15259 960440
562780 26041
292277 50142
59788 245122
817046 17937
37376 392106
162370 90259
3 2
299742 73
21492 2683
21667 2606
10 7
28593 2690
284884 43
27683 2039
25253 2300
22189 2637
20747 2027
21299 2842
27009 2025
201046 8
225347 83
7 5
553562 972117
179863 899636
895277 111916
776395 461241
683477 19929
796925 365238
865307 540792
4 3
252592 100
29008 2558
25780 2556
24578 2396
9 3
25065 2864
202374 96
24478 2061
27889 2130
280374 37
23353 2157
21099 2811
29729 2354
27854 2955
8 5
111972 464202
129642 400932
887778 58548
74046 701964
116994 444276
133644 388926
192696 269739
701964 74046
10 10
1000000 1000000
1000000 1000000
1000000 1000000
1000000 1000000
1000000 1000000
1000000 1000000
1000000 1000000
1000000 1000000
1000000 1000000
1000000 1000000
8 5
3691 370432
3818 337070
3245 381449
10424 39
3517 363464
3078 332466
18328 88
3408 397375
3 2
5852 500526
63756 45942
121923 24024
4 3
217739 274223
222839 267947
433428 137760
96643 617831
8 3
123166 729185
447179 218841
218904 407101
725393 402657
177074 20225
649669 607540
815711 12662
391130 540359
3 2
637362 35588
100122 226548
811188 27962
6 1
19724 84
3498 386254
3588 351942
18164 35
3817 318536
3380 310114
7 4
42066 578956
868434 28044
336168 72447
456228 53382
193192 126063
46872 519593
56088 434217
8 6
58493 884302
396212 130550
121705 425007
493286 104859
475536 108773
694134 74518
133622 387103
62156 832188
7 4
312268 96140
674317 455015
840957 319004
913778 989637
785988 422116
158774 570093
314656 28758
7 4
3224 354716
11880 2
3572 397181
3534 375994
3532 330098
3934 387860
15319 63
8 4
228405 82
29595 2183
21124 2030
227472 63
22703 2784
20399 2942
26474 2776
29847 2400
7 2
212131 69
27483 2370
20657 2964
24415 2025
275613 57
25514 2759
20719 2511
5 2
222843 24
27738 2347
25884 2519
29663 2263
220153 34
2 1
600133 559891
182908 53441
6 2
175669 351379
239018 258250
234562 263156
257853 239386
485572 127121
652361 94620
7 4
45838 372708
21199 805896
115128 148393
160433 106488
461448 37023
74046 230724
422604 40426
3 1
137209 509577
195396 357830
875251 79884
4 3
26308 2043
238331 4
28647 2134
23713 2960
7 4
492675 90005
376396 117810
376396 117810
528638 83882
195572 226736
647110 68525
110994 399510
3 2
20124 476238
16211 591192
60697 157896
6 4
784548 49938
216783 180728
87986 445284
338086 115884
261516 149814
163096 240219
9 2
28941 2882
21113 2670
264385 69
245221 57
22145 2705
26350 2122
29665 2363
21552 2688
28257 2032
7 3
3684 351693
18866 30
3207 393553
3651 344998
16685 34
3198 351054
3911 337121
7 4
12236 346086
409032 10353
59432 71253
89726 47196
50692 83538
53352 79373
334152 12673
3 1
3997 316727
19111 61
3272 354676
3 1
558169 70775
718654 54970
158820 248737
9 5
22120 2284
23014 2863
202559 26
23632 2405
20424 2409
290567 47
22034 2321
23097 2015
25434 2330
7 4
508776 95571
222138 218892
218892 222138
615902 78948
149814 324564
973692 49938
66822 727668
1 1
1 1
9 3
488982 659232
791001 229000
296538 7538
271896 156734
502572 176335
781636 293605
594539 381109
440202 383953
797996 381206
9 2
238720 395384
32077 405861
485552 170751
35413 423944
965225 193768
550117 141574
730687 739071
71445 918811
103053 577616
5 3
37529 689255
368634 308938
378527 72260
429754 691623
721643 723613
2 1
775383 206441
597784 512554
4 3
3815 311797
3895 324212
16831 21
3281 315084
9 6
668781 406913
926082 736716
577003 220219
467493 745111
924887 233687
874941 992808
474534 927755
498037 299246
243888 472184
8 5
67338 159068
28014 382356
39672 269997
88711 120744
121394 88236
55384 193401
83076 128934
977132 10962
9 4
771036 76492
436364 135158
284668 207182
838257 70358
99275 594088
62092 949850
699414 84325
769266 76668
59036 999019
4 3
578956 95202
80073 688344
144739 380808
942732 58466
2 1
572820 41081
62031 379359
5 2
711366 265662
825306 141201
711193 616097
772514 180112
373053 699868
6 2
954880 626041
319650 198733
720382 29005
276765 514360
444265 18726
41889 169442
9 5
13468 907902
47656 256581
28934 422604
730269 16744
281736 43401
640458 19092
76024 160839
154882 78948
84456 144781
10 3
3630 354709
10591 28
3597 345982
18213 64
3685 334551
3888 353149
3360 357750
15890 74
3383 396851
3615 329109
4 2
214226 15
27702 2168
22892 2680
26898 2119
8 4
3011 386900
4000 389678
3099 364660
3210 324254
10430 14
17812 86
3353 399242
3040 384290
3 2
284541 287793
442693 184979
607498 134797
5 3
28909 2361
26577 2783
265933 68
25162 2827
263574 64
9 3
18812 30
3419 363956
10596 74
3773 310779
3366 324918
3503 310475
3377 367424
3892 380235
3142 388700
10 6
713849 550437
523878 549727
489018 756300
37001 585626
246169 884439
938446 63706
794432 794283
724422 15814
236830 610358
9127 448640
6 4
486948 31734
357588 43214
99603 155144
47124 327918
16728 923769
480438 32164
4 1
209045 109769
27960 820696
28431 807100
427822 53636
10 4
233283 630488
20573 459208
571995 18957
196379 816947
218550 61749
473253 325073
845954 531122
507895 866364
369851 687739
276108 873497
6 2
3698 321067
19222 60
3135 305752
3474 336697
3376 325870
14584 13
6 4
3082 367620
19742 17
13037 47
3826 397530
3063 372252
3522 321432
8 3
866240 786824
479286 645505
983938 726596
760456 139869
737158 3442
741548 806948
381523 105191
848900 729466
2 1
97665 206971
345979 58425
6 4
11953 16
3850 329001
15085 13
3495 331276
3089 396672
3400 340355
3 2
3556 330324
3544 350703
18209 43
8 5
220248 18447
46956 86526
32604 124614
874874 4644
11438 355212
6006 676476
7912 513513
89397 45448
5 1
24715 2539
268008 20
24064 2983
252904 26
28551 2813
4 1
325148 123184
312401 728011
717509 860391
276003 149060
10 7
3630 306540
3717 317221
3792 321699
3317 383023
3485 368173
3750 354103
15324 90
12548 69
12001 7
3081 378415
10 3
755894 57004
423608 101719
815230 52855
116145 370993
998910 43136
302757 142322
64853 664410
707897 60869
406496 106001
180863 238241
4 1
89107 709675
207542 304695
95405 662827
80492 785631
2 1
24208 2803
202843 43
5 2
3083 339443
3734 356780
3813 315146
14910 85
10330 31
5 1
884141 547841
781674 187240
999939 137267
709296 872725
563038 742478
10 3
345575 654877
854886 145492
874758 137087
15813 620953
325019 71063
751259 404815
206499 967862
495810 252690
14613 443467
640144 613742
8 5
26936 572373
811188 19006
45066 342108
686868 22446
346086 44548
179452 85914
255374 60372
26622 579124
