100
2 1
100 20
200 10
2 2
100 20
200 10
3 2
100 10
100 10
100 10
4 2
9 3
7 1
10 1
8 4
3 1
202203 643625
934673 424228
659543 295026
4 3
695826 18564
13702 942732
420732 30702
78948 163618
6 4
514878 22644
32062 363636
274482 42476
154882 75276
507416 22977
42476 274482
5 3
5418 554268
3432 875007
506583 5928
72072 41667
934648 3213
6 2
296368 170133
78059 645947
184454 273358
520254 96918
307114 164180
210546 239482
6 1
14716 60
3629 383443
3881 339328
10354 52
3596 396309
3234 330674
4 2
3692 331490
3932 318517
12216 92
3136 320464
5 3
252603 47871
961375 443250
590951 446574
495695 46610
484162 440757
10 7
28172 533391
507490 705452
809956 191472
363674 134062
79189 586506
514809 471687
832707 391130
443802 101365
778947 896095
584175 253119
3 1
3642 328430
13392 74
3943 362976
4 1
322621 85593
57996 476138
220828 125048
179791 153590
6 4
3326 303595
10127 60
3488 337039
3636 366655
3797 332538
17370 11
2 1
60727 559376
248353 136778
6 4
525230 59497
344447 90724
348554 89655
249116 125442
248336 125836
336379 92900
2 1
17233 35
3040 356882
8 5
761124 15318
570843 20424
71484 163098
618936 18837
294372 39606
16728 696969
12792 911421
805896 14467
9 2
52665 247466
141043 92403
13135 992219
944474 13799
46940 277648
28885 451196
31401 415044
65784 198115
682024 19109
7 4
26568 2270
29022 2019
245760 55
23303 2783
27417 2568
202052 99
26364 2180
3 1
3301 345061
11383 39
3622 310531
5 1
14456 63
3247 329169
15813 40
3907 332787
3881 313531
8 3
192067 84601
912502 477508
3469 881115
269242 59868
471668 854333
853771 757655
701368 880281
754372 392164
7 2
20121 753534
254142 59659
395427 38343
327272 46328
66488 228039
369522 41031
89393 169609
10 2
3714 387070
3657 379847
3976 322746
18682 44
3243 389777
3680 361412
13480 28
18330 25
3481 357712
3549 315233
5 1
756684 805158
572522 969408
687064 574016
27543 921167
912228 409417
9 6
303753 314573
244533 390755
671642 142267
412531 231625
97970 975324
367511 259999
177701 537715
611399 156285
207518 460454
8 6
100691 745838
76951 975935
143219 524366
570888 131548
92387 812876
745838 100691
440152 170621
144021 521446
10 5
22569 2259
21592 2958
22978 2045
22245 2760
25248 2709
26643 2581
237360 12
20176 2061
212723 50
223333 51
7 3
248086 398660
236862 417551
192993 512464
737678 134072
330579 299178
988002 100103
867759 113974
4 2
255877 187985
477496 100736
384212 125194
846432 56828
7 3
29807 2937
234386 86
23794 2560
20090 2474
284359 58
25526 2731
27980 2792
3 2
244376 23
28899 2150
22915 2916
3 1
3046 340605
14674 63
3925 359548
10 6
228896 46
293391 74
28277 2086
26095 2893
201100 79
29769 2744
25632 2978
29130 2599
27215 2575
21414 2420
9 5
52668 221154
20097 579576
27962 416556
34276 339822
14322 813276
12586 925452
168264 69223
257796 45182
884616 13167
9 2
3693 369995
3019 323752
3391 308778
16273 84
3615 353443
3326 302631
10665 12
3986 346179
3757 353499
3 1
3370 391952
15079 29
3098 370287
9 3
292009 28
28750 2906
22809 2782
25246 2352
22538 2468
22415 2594
29170 2690
267233 57
29219 2511
4 3
3433 377391
16941 49
3034 365623
3715 340068
3 1
268211 422570
898145 376684
99384 252658
10 6
25172 191862
17748 272118
39556 122094
44268 109098
412148 11718
89001 54264
255816 18879
7378 654588
393414 12276
48807 98952
10 5
28354 2041
21646 2818
232559 71
28902 2681
250309 34
28715 2558
254116 8
22898 2791
29355 2928
22511 2146
4 3
347139 30856
18791 570024
25116 426474
78561 136344
8 5
573426 90644
541569 95976
87822 591852
267288 194463
63714 815796
84952 611847
175491 296184
52836 983754
9 5
28402 663245
110797 170018
592616 31787
402347 46819
178885 105305
30998 607700
728075 25873
77495 243080
296686 63493
9 3
77925 259618
68906 293599
34797 581393
45447 445150
94656 213729
186333 108573
50977 396860
368193 54946
39347 514162
3 2
158424 105183
847757 19656
500526 33292
9 5
48906 111972
67704 80883
136059 40248
455886 12012
50778 107844
158004 34658
102641 53352
205282 26676
205884 26598
5 3
137750 414553
427851 956278
29997 113590
752754 540158
171236 545827
4 3
329208 43911
84796 170478
292842 49364
349074 41412
9 4
3969 346704
13075 54
3774 356870
3282 378618
10983 46
3695 333283
3255 370535
3951 334596
3133 398536
10 3
3156 388435
17608 77
3675 367019
3922 363937
15135 77
3882 328884
13386 73
3939 301061
3854 364902
3815 312559
3 2
25665 2983
249114 49
27842 2004
10 4
174567 864563
659722 427930
99616 892216
71230 783100
827381 814668
758 703176
854547 873908
851018 729475
72265 931544
551987 561661
4 3
21019 2299
235065 45
22859 2455
24265 2392
10 2
21940 2453
20069 2827
205256 7
28796 2691
25137 2769
252720 66
25008 2853
28652 2767
283430 23
21188 2473
2 1
272558 96
25979 2233
7 2
77497 634983
936759 794975
133881 189152
730921 355461
145575 528468
581202 220043
116474 159480
9 6
139556 438060
168111 363652
193277 316302
113513 538563
408297 149729
155187 393937
98392 621330
196784 310665
552483 110653
9 5
19875 72639
31574 983926
576098 74836
401367 261904
925554 174746
535921 967145
190366 122757
482931 88704
335909 565926
5 2
61868 228498
713399 19816
96697 146196
360419 39223
21728 650622
10 3
23269 2578
260535 74
281543 31
22084 2906
20206 2442
21889 2069
206171 87
23163 2844
20596 2828
21436 2617
5 1
24047 2089
278400 79
22021 2549
231350 72
28379 2802
4 3
24596 356454
113022 77572
271502 32292
618813 14168
5 3
67704 38709
7854 333684
25668 102102
365211 7176
16744 156519
9 5
359788 10962
58344 67599
228956 17226
444444 8874
5772 683298
27144 145299
171717 22968
16588 237762
5049 781144
10 4
87791 5973
174568 223747
207322 909549
894476 66862
366980 853842
353595 951258
795812 168362
465809 784054
288718 675435
497926 488671
5 3
807534 15996
22568 572373
43524 296786
739908 17458
503874 25636
9 4
23752 2124
24504 2969
228104 32
22910 2994
231323 91
24347 2407
25563 2772
29133 2057
28664 2431
10 7
250334 266270
80619 826808
746441 89299
79516 838277
146039 456429
759479 87766
813558 81932
622033 107159
66999 994887
826357 80663
10 5
14816 38
12567 35
11604 99
3993 361392
3444 378669
3294 347679
3577 302325
3448 323182
3082 316108
3099 345069
2 1
887180 69007
103639 590720
2 1
244957 269476
946615 57971
8 3
317635 129898
716148 57614
884064 46671
918239 44934
54240 760696
198389 207976
160418 257204
523832 78766
10 10
1000000 1000000
1000000 1000000
1000000 1000000
1000000 1000000
1000000 1000000
1000000 1000000
1000000 1000000
1000000 1000000
1000000 1000000
1000000 1000000
4 3
269352 85813
104748 220662
204508 113022
409016 56511
2 1
23924 2337
217745 4
3 1
462208 31733
725709 627249
568059 869563
6 2
3255 321828
3544 326923
3074 379911
3246 305655
14860 80
14549 6
7 4
329004 29946
119301 82584
304668 32338
626262 15732
36708 268398
18981 519064
37076 265734
3 1
241310 263888
195924 442831
579637 407778
5 1
14727 89
3792 380361
3975 318178
3726 349701
19107 40
1 1
1 1
8 4
944652 457630
825605 93660
998292 654854
809039 901674
872774 682407
458503 310401
39329 939157
410605 732226
8 4
212883 7
24969 2771
26613 2846
249242 69
26465 2421
24863 2561
25041 2776
26704 2592
4 3
3318 349433
3314 394656
11397 86
3449 382228
2 1
97751 631532
459623 134312
6 2
93570 413492
51650 749089
97819 395531
574955 67293
43263 894308
89175 433871
6 3
223715 47
29884 2426
278018 73
26655 2975
26473 2835
27968 2587
2 1
3930 352653
12244 47
4 3
65436 268398
373464 47027
20646 850668
26691 658008
8 6
457988 936424
706457 946542
494908 976341
101582 127625
159364 647025
392926 825048
172112 955533
151262 880812
4 2
707218 319783
627593 116595
214222 872667
102188 53052
6 2
21041 2670
280526 55
26216 2362
28472 2927
26707 2950
287481 9
10 6
205282 101844
327918 63756
33948 615846
391468 53406
251937 82984
191268 109306
21156 988218
658812 31734
203688 102641
498456 41943
8 5
737744 329788
421984 695081
451049 495401
140801 82656
510425 997859
509329 87764
321463 202880
411023 46308
10 4
290498 833304
831336 760075
137777 883031
697675 115602
703534 712050
66635 259758
760511 293785
576542 236302
17879 561564
235072 75471
